0 0.740402 0.641636 0.043186 0.110370
0 0.659112 0.706814 0.047401 0.110133
0 0.402366 0.220331 0.035734 0.096753
0 0.798115 0.423024 0.066505 0.055169
0 0.897238 0.390014 0.066243 0.078967
0 0.540806 0.883254 0.037362 0.092657
0 0.863656 0.474957 0.040379 0.101331
0 0.465184 0.184692 0.053580 0.073532
0 0.479309 0.873316 0.039259 0.117367
0 0.394316 0.702993 0.036010 0.099781
0 0.980031 0.392375 0.039485 0.091801
0 0.666246 0.383298 0.067855 0.073628
0 0.595303 0.156228 0.067244 0.073259
0 0.464008 0.655031 0.064658 0.074302
0 0.289732 0.504243 0.058997 0.084265
0 0.391756 0.584546 0.065132 0.058930
0 0.664461 0.193350 0.063163 0.080734
0 0.592156 0.220190 0.065462 0.136939
0 0.605093 0.051221 0.091658 0.100116
0 0.093730 0.495336 0.036890 0.099254
0 0.376510 0.355308 0.079389 0.070742
0 0.104973 0.645072 0.043161 0.109641
0 0.770902 0.633358 0.048310 0.093878
0 0.360695 0.735767 0.038953 0.103326
0 0.535834 0.196282 0.036890 0.085438
0 0.303581 0.907057 0.040950 0.100594
0 0.421617 0.947916 0.035100 0.102816
