2 0.471107 0.623308 0.074448 0.066572
2 0.115411 0.638069 0.084163 0.088755
2 0.193280 0.435453 0.108597 0.091104
2 0.379312 0.716281 0.107006 0.072365
2 0.594390 0.662495 0.101459 0.076571
2 0.524707 0.833605 0.097684 0.073244
2 0.690267 0.716079 0.103583 0.055718
2 0.503978 0.696089 0.086336 0.080579
2 0.383556 0.483262 0.104020 0.087537
2 0.598737 0.559459 0.080977 0.036736
2 0.702904 0.775447 0.092779 0.073749
2 0.806876 0.625148 0.107675 0.071067
2 0.531839 0.716175 0.138530 0.123327
2 0.687232 0.616323 0.074313 0.041113
2 0.814655 0.633848 0.092338 0.051275
2 0.223123 0.297120 0.067853 0.072385
