2 0.341306 0.838127 0.058560 0.129513
2 0.929933 0.894554 0.049609 0.129032
2 0.768699 0.165649 0.050246 0.145236
2 0.738723 0.829661 0.063034 0.100153
2 0.324563 0.614462 0.055350 0.116190
2 0.920751 0.172187 0.054657 0.117803
2 0.462369 0.681359 0.074996 0.165936
2 0.054089 0.715121 0.069206 0.103999
2 0.241113 0.457579 0.060019 0.113761
2 0.189256 0.202403 0.059450 0.196959
2 0.305529 0.392708 0.070397 0.134446
2 0.557180 0.782524 0.099489 0.148066
2 0.414761 0.808006 0.031819 0.069945
2 0.589637 0.647768 0.039804 0.084441
2 0.528415 0.524974 0.054001 0.111960
2 0.652197 0.146710 0.023927 0.065745
2 0.467051 0.365395 0.040787 0.109300
2 0.869435 0.768303 0.057709 0.091061
